data;produto;quantidade;custo;tipo;custo medio;saldo
2025-04-04;Uva;100;6.5;e;6.5;100
2025-04-04;Uva;30;7.0;s;7.0;70
2025-04-04;Uva;50;6.2;e;6.35;120
2025-04-04;Melancia;20;8.0;e;8.0;20
2025-04-04;Melancia;5;8.5;s;8.5;15
2025-04-04;Melancia;10;7.8;e;7.93;25
2025-04-04;Pera;60;5.5;e;5.5;60
2025-04-04;Pera;20;6.0;s;6.0;40
2025-04-04;Pera;30;5.2;e;5.38;70
2025-04-04;Abacaxi;15;10.0;e;10.0;15
2025-04-04;Abacaxi;5;10.5;s;10.5;10
2025-04-04;Abacaxi;10;9.8;e;9.93;20
